0.4581745 
0.9847829 
0.4111163 
2.308529 
0.422849 
0.4236699 
0.3926564 
0.4112623 
0.3966594 
0.4179821 
0.4145574 
0.4184992 
0.398127 
0.4119341 
0.5523942 
0.3972723 
0.4027159 
0.4241255 
0.3682458 
0.4063019 
0.3914578 
0.4140094 
0.4078818 
0.4022744 
0.4157075 
0.3966282 
0.3815877 
0.4081027 
0.4333433 
0.4019161 
0.4181406 
0.4112315 
0.4263101 
0.4112679 
0.4154179
0.4171988  
0.4094628 
1.022693 
0.4338733 
0.4097314 
0.4171028 
0.4131807 
0.4155102 
5.285393 
0.4737467 
0.4027554 
0.4052918 
0.4201421 
0.4072344 
0.4006006
0.4521393  
0.43850042 
0.4011294 
0.5788909 
0.4086341 
0.4492979 
0.4170904 
0.3957019 
0.421653 
0.4171589 
0.2611071 
0.4051413
0.4216866  
0.4251658 
0.3873548 
0.3959096 
0.4120508 
0.4324237 
0.4001749 
0.4415341 
0.4162103 
0.4432267 
3.008877 
0.4172682 
0.4328953 
0.4016995 
0.4251654 
0.4210018 
0.4275361 
0.4736071 
0.4279226 
0.4108615 
0.4281213 
0.4504665 
0.4341326 
0.4437958 
0.4126591
0.4294327  
0.4352801 
2.037056 
0.4034021 
0.4179136 
0.4124918 
1.328286 
0.3988737 
0.3542979 
0.3977936 
0.4150761 
0.389383 
0.4255709 
