0.08543067 
0.04564528 
0.2848999 
0.2306121 
0.2121326 
0.1014011 
0.3038095 
0.2487526 
0.2564405 
0.1787213 
0.1874181 
0.2135782 
0.07474603 
0.2197387 
0.1723324 
0.2428375 
0.2097408 
0.1110506 
0.04763453 
0.2972906 
0.08280328 
0.1787486 
0.2066594 
0.2841932 
0.1983073 
0.2380545 
0.2564105 
0.2823074 
0.235737 
0.1651227 
0.1208703 
0.2518933 
0.1741484 
0.1980636 
0.215933
0.2770127  
0.1914934 
0.252174 
0.2084337 
0.2198115 
0.2734482 
0.2113193 
0.2452529 
0.3319426 
0.08361166 
0.2459427 
0.1822774 
0.2160585 
0.2531742 
0.1115436 
0.2043112 
0.3143466 
0.2279709 
0.2385671 
0.25546 
0.1407581 
0.0543855 
0.2741962 
0.2250289 
0.1863523 
0.0520812 
0.1935205
0.2637066  
0.1170043 
0.2666837 
0.2445563 
0.2157012 
0.1554294 
0.2505097 
0.1219562 
0.1617879 
0.1629527 
0.2188672 
0.209458 
0.1959447 
0.2529238 
0.1806023 
0.2304806 
0.2134444 
0.08920068 
0.222903 
0.2441755 
0.1184957 
0.1845159 
0.08878944 
0.2050557 
0.1240001
0.2833246  
0.1802525 
0.2131782 
0.2222054 
0.2251197 
0.2974032 
0.207468 
0.2810197 
0.07713481 
0.2544277 
0.2351707 
0.2770799 
0.2727971 
