0.3572479 
0.3519453 
0.3558538 
0.3857777 
0.3660467 
0.3124891 
0.332215 
0.3202573 
0.3366159 
0.3322455 
0.2919499 
0.3272867 
0.337579 
0.3642445 
0.385639 
0.3686152 
0.3237316 
0.3095094 
0.3283081 
0.2989037 
0.3670251 
0.3347304 
0.3481494 
0.3067721 
0.2683069 
0.3648129 
0.349703 
0.3552998 
0.3956739 
0.3493932 
0.3642086 
0.352984 
0.2969713 
0.3294355 
0.3018206 
0.3684877 
0.3210553 
0.2945431 
0.3321755 
0.3265355 
0.3415434 
0.3403502 
0.2916786 
0.3570283 
0.3861198 
0.3370703 
0.3594532 
0.3956413 
0.3884241 
0.342076 
0.3503476 
0.3552887 
0.3412104 
0.3489548 
0.3417542 
0.3320334 
0.3940243 
0.3286144 
0.3025694 
0.3293541 
0.3851711 
0.3795124 
0.3289288 
0.3735907 
0.3486079 
0.3123388 
0.357265 
0.3269467 
0.3156937 
0.3370325 
0.3644214 
0.3370066 
0.3715709 
1.709514 
0.3409081 
0.3073689 
0.5001872 
0.2739172 
0.3000017 
0.3460904 
0.3282069 
0.2744086 
0.3705167 
0.2486286 
0.3281686 
0.3706661 
0.3715936 
0.3084939 
0.358082 
0.3864 
0.361387 
0.3355102 
0.2895353 
0.3620246 
0.3988892 
0.341907 
0.3923155 
0.2915223 
0.3644127 
0.274726 
