0.1911669 
0.1663446 
0.129928 
0.180725 
0.1810054 
0.1104352 
0.1448551 
0.2060735 
0.1793552 
0.1052017 
0.1241861 
0.1729709 
0.1640771 
0.2151738 
0.1081143 
0.188597 
0.1233343 
0.1459333 
0.1136927 
0.1223551 
0.2436751 
0.1766239 
0.2053107
0.1188432  
0.2089481 
0.2104095 
0.1709621 
0.2202328 
0.1414991 
0.2004734 
0.1950998 
0.1044309 
0.2137467 
0.1266719 
0.2526956 
0.1445785 
0.1394102 
0.09848858 
0.06927855 
0.1010935 
0.1796596 
0.1468765 
0.1752419 
0.1081841 
0.1841231 
0.1630893 
0.1687024 
0.1533972 
0.1702774 
0.1936701 
0.2093072 
0.2092903 
0.1150638 
0.1416799 
0.1562577 
0.1848306 
0.2165964 
0.07986954 
0.08874661 
0.1140072 
0.2167806 
0.07158012 
0.1235202 
0.2140089 
0.1365022 
0.2453437 
0.1961106 
0.1671141 
0.2016524 
0.1604662 
0.1805813 
0.1814376 
0.1925298 
0.1583496 
0.1181908 
0.1406564 
0.1449836 
0.1720492 
0.2235626 
0.1392559 
0.2452572 
0.1898648 
0.1740996 
0.2040662 
0.1849197 
0.2257518 
0.2209142 
0.2128662 
0.1859409 
0.3296057 
0.245693 
0.2412261 
0.1617786 
0.1791784 
0.1523251 
0.2495962 
0.2273753 
0.1513166 
0.1662878 
0.2201122 
