0.1571005 
0.3557337 
0.2828859 
0.3127892 
0.3853146 
0.2719284 
0.2297047 
0.3133246 
0.3167676 
0.1730108 
0.3651528 
0.7495425 
0.235292 
0.3778505 
0.4408931 
0.2483621 
0.2750702 
0.164926 
0.2351909 
0.4083623 
0.3458259 
0.3427992 
0.2949083 
0.3568168 
0.1638147 
0.3249154 
0.3525952 
0.2840945 
0.2769437 
0.3802096 
0.3873823 
0.1674128 
0.3009669 
0.2454234 
0.3576035 
0.3385368 
0.2053183 
0.2785064 
0.3291772 
0.3492261 
0.2975223 
0.2105946 
0.3610851 
0.2459429 
0.3697823 
0.2615047 
0.2830653 
0.3856436 
0.2341394 
0.2597499 
0.2366003 
0.2868555 
0.2499764 
0.2931052 
0.380532 
0.3290155 
0.2889893 
0.2571751 
0.3100407 
0.38509 
0.3789603 
0.3821486 
0.3986019 
0.1713145 
0.2503408 
0.3029069 
0.2150973 
2.041718 
0.3698982 
0.322015 
0.211865 
0.3547274 
0.2991651 
0.3409919 
0.4251706 
0.1690241 
0.2184908 
0.3445591 
0.3547437 
0.2974032 
0.1163113 
0.3628487 
0.2794572 
0.239072 
0.3149024 
0.31624 
0.3061955 
0.3235415 
0.3686074 
0.3628889 
0.3844432 
0.3138475 
0.3073301 
0.1350916 
0.1888116 
0.2035352 
0.3227807 
0.2242142 
0.1986895 
0.3913698 
