0.4165406 
0.6928308 
0.6469892 
0.6734171 
0.303169 
0.325365 
0.8574134 
0.3727822 
0.9256897 
0.5880196 
1.200012 
0.59746 
0.4899058 
0.9383619 
0.6463299 
1.05972 
0.6208266 
0.5690809 
0.4590996 
0.5591323 
0.6791171 
0.3173918 
0.1913511 
0.8937248 
0.8315185 
0.8550345 
1.37346 
0.1724321 
0.507566 
0.5936426 
0.3047332 
0.5874269 
0.2576274 
0.4444236 
1.632808 
0.5182552 
0.5356243 
0.3264201 
0.7089524 
0.4448916 
0.3778919 
0.4884136 
0.793429 
0.9286599 
1.553155 
0.3211787 
0.3758988 
0.5463539 
0.6743322 
0.8862511 
0.3170666 
0.5657418 
0.5746065 
0.2107462 
1.272239 
0.8909343 
0.1962567 
0.5061828 
0.3793696 
0.6390924 
0.7312246 
0.1733708 
0.5128965 
0.2397408 
0.6536986 
0.5361158 
0.5368532 
0.6712749 
1.446718 
0.2186612 
0.7954033 
0.1826041 
0.5780245 
0.1871622 
0.8566938 
0.153451 
0.7367858 
1.208616 
0.7787865 
0.7988224 
0.5888663 
0.9749832 
0.3698117 
0.3477259 
0.7883936 
0.3479664 
0.7815641 
0.1654894 
0.1525606 
0.09987181 
0.336798 
0.8929589 
0.7999808 
0.3509487 
0.3308708 
0.703733 
0.3093647 
1.101402 
0.3897314 
0.777662 
