0.240279 
0.2651051 
0.3617553 
0.7071623 
0.6224065 
0.3644249 
0.6162702 
0.1918031 
0.2295652 
0.2682056 
0.2308547 
0.3626271 
0.3585029 
0.4915945 
0.7828102 
0.1260998 
0.3393036 
0.5403771 
0.2132523 
0.483014 
0.2429452 
0.4061782 
0.4537664 
0.4231921 
1.330009 
0.1683498 
0.2971008 
0.2894745 
0.4208602 
0.536035 
0.4185109 
0.1981234 
0.3440123 
0.3425849 
0.2318899 
0.1615639 
0.1663786 
0.3423452 
0.3407623 
0.3194951 
0.2325183 
0.2986282 
0.1790344 
0.1525156 
0.1633874 
0.8273002
0.1930613  
0.3388821 
0.3976352 
0.4735552 
0.3492649 
0.4929516 
0.1247241 
0.4309441 
0.2799877 
0.7338006 
0.4334882 
0.4722363 
0.1316479 
0.5510882 
0.2186482 
0.585343 
0.1980145 
0.4418083 
0.4296428
0.5382002  
0.2747217 
0.4453909 
0.3163907 
0.3757599 
0.6315742 
0.293955 
0.2762082 
0.7891549 
0.252487 
0.1475707 
0.2203865 
0.09585631 
0.3664862 
0.7644083 
0.3927467 
0.1336682 
0.3308581 
0.1820294 
0.1870122 
0.1230219 
0.2529775 
0.1957816 
0.2250282 
0.5741021 
0.1897921 
0.1772131 
0.4869376 
0.7460612 
0.1029395 
0.2471872 
0.5415708 
0.6204169 
0.32027 
0.2838535 
