0.3196429 
0.6510796 
0.2369331 
0.3581267 
0.3563225 
1.95919 
0.3540483 
0.3817926 
0.3213711 
0.320921 
0.2182763 
0.357159 
0.2510697 
0.2140866 
0.3401342 
0.3126807 
0.3906884 
0.391625 
0.1660095 
0.3634537 
0.2528218 
0.1863825 
0.2405979 
0.3318031 
0.5166531 
0.2945669 
0.2103381
0.6257618  
0.5486883 
0.4012344 
0.3670162 
0.3659728 
0.2569067 
0.307408 
0.09038959 
0.9305739 
0.2994859 
1.231109 
0.3440829 
0.1681434 
0.1801719 
0.4190964 
5.405445 
0.246819 
0.2836861 
0.2584585
0.2896839  
0.3253251 
0.1767148 
0.2491219 
0.3512405 
0.3619203 
0.3767944 
0.2835816 
0.2937227 
0.3256668 
0.2619167 
0.3566892 
0.1388347 
0.2175312 
0.3512445 
0.3325311 
0.2600257 
0.3096281 
0.3525108
0.3301406  
0.3226091 
0.3966851 
0.3335903 
0.3156938 
0.229389 
0.3087382 
0.321917 
0.3398931 
0.2787872 
0.3541928 
0.4928035 
0.3404918 
0.5456434 
0.2879176 
0.3918981 
0.3677761 
0.2226235 
0.3586242 
0.3508511 
0.346341 
0.1922316 
0.3610773 
0.1971325 
0.2985221 
0.3720371 
0.3041383 
0.3909823 
0.2527868 
0.3349315 
0.3194188 
0.3789998 
0.3816634 
0.3535161 
0.221896 
