0.3331842 
0.3128649 
0.2425342 
0.1824708 
0.3097189 
0.2801323 
0.1844753 
0.1472618 
0.2927623 
0.2883754 
0.3135901 
0.3303811 
0.07283858 
0.2838647 
0.2199937 
0.2733295 
0.1860812 
0.1970469 
0.08882802 
0.1699662 
0.2894743 
0.1920233 
0.1895526 
0.3492391 
0.09327443 
0.1274007 
0.3189724 
0.3370737 
0.2540987 
0.3473758 
0.2408543 
0.1439958 
0.3297554 
0.1446157 
0.07954074 
0.2178333 
0.1568477 
0.2496022 
0.1579542 
0.1010939 
0.2307314 
0.3230554 
0.2801508 
0.363477 
0.2560527 
0.3202622 
0.1763385
0.163059  
0.3193015 
0.2315779 
0.3258634 
0.3854345 
0.3318883 
0.2102538 
0.2970313 
0.3815284 
0.3469703 
0.1616239 
0.1547029 
0.2421456 
0.2684713 
0.3260709 
0.1267677 
0.2060918 
0.2079392
0.3081364  
0.2448273 
0.2664208 
0.2788091 
0.07186418 
0.1280952 
0.1550038 
0.2154669 
0.1703183 
0.1296597 
0.2253343 
0.2519294 
0.307285 
0.112351 
0.2069739 
0.1019464 
0.2066646 
0.3481018 
0.2336476 
0.2614861 
0.1257559 
0.213193 
0.2457033 
0.3689419 
0.2506721 
0.1666345 
0.1707603 
0.2444091 
0.149762 
0.09894975 
0.08072167 
0.2863577 
0.1127042 
0.26903 
0.2778316 
