0.9590647 
0.7998607 
0.1443021 
0.5372581 
0.5829263 
0.3486736 
0.7570306 
0.1585208 
1.025676 
0.5952716 
1.117658 
0.1834205 
1.089818 
1.057896 
0.5182964 
0.8581741 
0.5198557 
0.2113371 
0.2925477 
1.160238 
0.306204 
0.2882785 
0.7765922 
0.5247301 
0.961839 
0.3109087 
0.5180867 
0.4014423 
0.5791688 
0.9719894 
0.4118315 
0.7015751 
0.2342771 
0.3046694 
1.162858 
0.3596789 
0.8426846 
0.3847941 
0.6400215 
0.3344727 
0.9495417 
0.79406 
0.302723 
0.4125601 
1.161286 
0.6222198 
0.1838701
0.5953247  
0.5565503 
0.2203406 
0.7849462 
0.5839727 
0.8166698 
0.523484 
0.4353807 
0.2813981 
0.331882 
0.6207988 
0.2521217 
0.4217301 
0.5938027 
0.2951352 
0.6658216 
0.5429955 
0.1532386
0.191043  
0.72416 
0.465821 
0.4873545 
1.046957 
0.6718957 
0.1094688 
0.5186535 
0.735945 
0.3420666 
0.2579054 
0.7177968 
0.7086301 
0.3412566 
0.7194202 
0.1755328 
0.2812881 
0.8256125 
0.6031283 
0.6974271 
0.3971753 
0.4471824 
0.4370343 
0.9061502 
0.3584615 
0.6311116 
0.3597844 
0.3409249 
0.3611675 
0.6216233 
0.3099451 
0.3353782 
0.2161324 
0.3994872 
0.8158735 
