0.4157772 
0.4229556 
0.4072674 
0.4110107 
0.4256697 
0.4164874 
0.4077643 
0.4130566 
0.4030614 
0.4155102 
0.4133178 
0.405842 
0.4082157 
0.4164144 
0.4155138 
0.4202441 
0.4096713 
0.4255098 
0.4289405 
0.4081271 
0.421709 
0.4045633 
0.4249442 
0.4157047 
0.4047094 
0.4132319 
0.4045806 
0.4008825 
0.4224463 
0.4091275 
0.4229505 
0.4236882 
0.4039461 
0.4112905 
0.4088257 
0.4121171 
0.4156907 
0.3982594 
0.4050733 
0.4097184 
0.4149399 
0.4074081 
0.4158083 
0.4171879 
0.4258766 
0.4090594 
0.4120724 
0.4241942 
0.4120657 
0.4185065 
0.4133077 
0.4151348 
0.4060365 
0.4300552 
0.4123396 
0.4241045 
0.409955 
0.4111816 
0.4124373 
0.4127195 
0.4113691 
0.4165814 
0.4126344 
0.4115837 
0.405111 
0.4233324 
0.4111141 
0.4131559 
0.3974643 
0.4172661 
0.4102373 
0.4088529 
0.408044 
0.4083731 
0.4150686 
0.4066294 
0.4157269 
0.4353408 
0.4102782 
0.4263006 
0.4226201 
0.4199829 
0.4117557
0.4220561  
0.4160474 
0.4387624 
0.4165847 
0.4112131
0.4180998  
0.4139477 
0.4037932 
0.4115192 
0.4215906 
0.4172624 
0.4115323 
0.4219594 
0.4165083 
0.4107569 
0.4242358 
0.4165138 
