0.1887463 
0.1711757 
0.2594129 
0.2311778 
0.1866942 
0.2474143 
0.2043164 
0.2532382 
0.2880973 
0.2282874 
0.227725 
0.2840474 
0.2745186 
0.2271577 
0.241311 
0.2504709 
0.2841846 
0.2266556 
0.2007043 
0.2758064 
0.2239334 
0.2486813 
0.2617577 
0.235671 
0.2788587 
0.2581422 
0.275038 
0.2784268 
0.2521074 
0.2578341 
0.2002583 
0.2411665 
0.27878 
0.2307305 
0.2908077 
0.2478457 
0.2217955 
0.2767161 
0.25573 
0.2688555 
0.2474967 
0.2539367 
0.2650101 
0.2127975 
0.1740406 
0.2573914 
0.2487254 
0.1625206 
0.2505285 
0.2230916 
0.2675969 
0.2069127 
0.273911 
0.2148708 
0.2552985 
0.2422804 
0.2437437 
0.2722719 
0.2797328 
0.2522465 
0.2550294 
0.2430706 
0.27833 
0.2684437 
0.2778207 
0.228893 
0.2776786 
0.2501006 
0.2958885 
0.2286012 
0.2291622 
0.2793711 
0.2849708 
0.2566874 
0.2596285 
0.2382155 
0.2279897 
0.1842916 
0.2754467 
0.2050444 
0.2096768 
0.1894541 
0.249806 
0.2119044 
0.218957 
0.1625184 
0.2649178 
0.2776743 
0.2450959 
0.2606841 
0.2808097 
0.249475 
0.2853675 
0.2873108 
0.2605487 
0.2502134 
0.245857 
0.2605401 
0.2318518 
0.2707016 
