0.2212964 
0.1684093 
0.3078746 
0.2104149 
0.2531756 
0.290934 
0.198037 
0.227341 
0.2174592 
0.1274007 
0.2554803 
0.2940291 
0.2073544 
0.2066133 
0.2129893 
0.1345592 
0.1716167 
0.2476815 
0.2016931 
0.1822124 
0.2111821 
3.208581 
0.1240583 
0.1043431 
0.2692677 
0.1635232 
0.1426544 
0.1761789 
0.2930525 
0.1566525 
0.1407998 
0.2474737 
0.211793 
0.1923625 
0.1355779 
0.1346735 
0.2437953 
0.2626497 
0.1833179 
0.2254906 
0.06353648 
0.1706563 
0.1661785 
0.1868936 
0.2606719 
0.1053516 
0.2484122 
0.2668305 
0.1891278 
0.2407761 
0.1542337 
0.06515654 
0.2712771 
0.1233865 
0.3037114 
0.1226441 
0.2513659 
0.2126898 
0.2714216 
0.200509 
0.2386853 
0.26968 
0.2953991 
0.2805927 
0.2211844 
0.1101714 
0.2725085 
0.2046065 
0.1839573 
0.1953081 
0.2487637 
0.1962646 
0.2196012 
0.2306345 
0.2636016 
0.173103 
0.1341399 
0.1103775 
0.08194363 
0.3095093 
0.1385571 
0.1700546 
0.2034333 
0.2354103 
0.2178611 
0.1953274 
0.2175772 
0.2568484 
0.1683448 
0.1876561 
0.09731012 
0.2131358 
0.2540861 
0.209311 
0.2569254 
0.225579 
0.1687633 
0.2315902 
0.2251092 
0.2027604 
