0.6533821 
0.5027657 
0.3417965 
0.14051 
0.3422841 
0.4058335 
0.3842057 
0.3340557 
0.2380442 
0.7603843 
0.31992 
0.9553575 
0.1819001 
0.8797652 
0.4425006 
0.4984474 
0.7366135 
0.2500216 
0.2446476 
0.1264871 
0.2237802 
0.623607 
0.296785 
0.4983492 
0.7228159 
0.3800906 
0.6755724 
0.06950906 
0.6535967 
0.3047929 
0.3910883 
0.4290561 
0.5559748 
0.4032222 
0.1859655 
1.306176 
0.1772528 
0.5972156 
0.9415643 
0.4936172 
0.2794603 
0.6620717 
0.2967213 
0.5447499 
0.2517247 
0.4063996 
1.051458 
0.3907164 
0.4653053 
0.186779 
0.7187134 
0.2067317 
0.2770052 
0.4614027 
0.3957816 
0.6209741 
0.2930282 
0.2787791 
0.5288962 
0.7220346 
0.1992187 
0.6873253 
0.236702 
0.4603183 
0.3491154 
0.7786044 
0.5330722 
0.1414863 
0.8312842 
0.252112 
0.3516056 
0.389871 
0.4231046 
0.1751605 
0.455388 
0.405506 
0.3590923 
0.4137603 
0.539769 
0.2041165 
0.7586973 
0.1740391 
0.4712832 
0.9689653 
0.3540659 
0.9281776 
0.3346248 
0.2394559 
0.9683919 
0.2841197 
0.5803243 
0.4485658 
0.1571488 
0.2466719 
0.139196 
0.8452928 
0.406462 
1.023598 
0.900194 
0.4315975 
