0.3999103 
0.4073999 
0.4053335 
0.4073345 
0.4040315 
0.4169805 
0.4034399 
0.4150771 
0.402044 
0.407424 
0.4084065 
0.4133389 
0.404354 
0.4199336 
0.4084369 
0.4109222 
0.4102019 
0.4092188 
0.4055287 
0.4059999 
0.4090333 
0.4141488 
0.4082787 
0.4091572 
0.4075128 
0.4133751 
0.4028632 
0.4070769 
0.41227 
0.4064245 
0.4108243 
0.4040479 
0.4060464 
0.4069517 
0.4169481 
0.4004325 
0.4058846 
0.4067822 
0.4083937 
0.4162865 
0.4112895 
0.4071707 
0.4123381 
0.4039756 
0.4070811 
0.4131665 
0.4064871 
0.4100876 
0.4167565 
0.4158024 
0.4157766 
0.4144637 
0.4156702 
0.4066837 
0.4150323 
0.4089346 
0.4098419 
0.4086835 
0.4193909 
0.4053859 
0.4030142 
0.4122444 
0.4073275 
0.4080987 
0.4094875 
0.4095409 
0.4034895 
0.4022 
0.4102699 
0.4045168 
0.4037059 
0.4060037 
0.4142821 
0.4111936 
0.408014 
0.4141989 
0.4075736 
0.4017099 
0.4054193 
0.402624 
0.4123261 
0.4029791 
0.4101617 
0.415511 
0.4159153 
0.404677 
0.4085064 
0.4111654 
0.4043489 
0.4221346 
0.4143341 
0.4210543 
0.4195713 
0.4136981 
0.4132892 
0.4130503 
0.4163895 
0.4111102 
