0.2834243 
0.2775561 
0.2760867 
0.2663265 
0.2609506 
0.2554672 
0.2920951 
0.2313699 
0.298638 
0.2690324 
0.2545193 
0.2368741 
0.2500749 
0.2405473 
0.2691368 
0.2725567 
0.2659363 
0.2548864 
0.2640499 
0.2867954 
0.2329963 
0.2307602 
0.2473191 
0.2705031 
0.2656577 
0.272644 
0.2801208 
0.2757663 
0.2418755 
0.2785333 
0.2550778 
0.2873671 
0.272439 
0.2680035 
0.2298357 
0.2803352 
0.2680483 
0.274511 
0.2689355 
0.2558769 
0.2692459 
0.2810033 
0.255285 
0.2815814 
0.2673442 
0.2572385 
0.2433141 
0.2560445 
0.2374429 
0.228077 
0.2446328 
0.2437991 
0.2291457 
0.3035939 
0.2310218 
0.2675231 
0.2677432 
0.2680026 
0.2200394 
0.2949293 
0.2716712 
0.276139 
0.279354 
0.266564 
0.2446322 
0.2489152 
0.2845479 
0.280991 
0.2862473 
0.2843083 
0.2470015 
0.2682897 
0.2648135 
0.2885893 
0.2811627 
0.2440696 
0.2870793 
0.2725004 
0.2736661 
0.2770134 
0.2832469 
0.2855307 
0.2673289 
0.2768559 
0.2758903 
0.3072077 
0.2686417 
0.248425 
0.2713544 
0.2707512 
0.2392272 
0.2007667 
0.2667017 
0.246318 
0.2647995 
0.2703598 
0.2488956 
0.2612464 
