0.3684647 
0.2654131 
0.3365361 
0.2779704 
0.3571212 
0.333066 
0.2353467 
0.3627608 
0.3465416 
0.3088537 
2.139 
4.676026 
0.2415636 
0.2862279 
0.3851434 
0.2370843 
0.3549138 
0.340634 
0.3737455 
0.3600532 
0.2823999 
0.2347288 
0.4018143 
0.3661111 
1.519147 
0.4201938 
0.4993053 
0.3251368 
0.3758099 
0.5399884 
0.3426944 
0.3688377 
0.3545972 
0.317443 
0.3498633 
0.3592677 
0.3800066 
0.3956332 
0.4242656 
21.61663 
0.7464372 
0.2565314 
0.2908599 
0.3011411 
0.2774404 
0.3153538 
0.2646144 
0.4000738 
0.2968714 
0.3097843 
0.4694621 
0.4621168 
2.571968 
0.3757161 
1.796728 
1.401059 
0.3828731 
0.3083157 
0.3844672 
0.6131557 
0.2659939 
0.3473962 
0.3464637 
0.3357961 
0.3416839 
0.3440798 
0.3148099 
0.2905 
0.3387881 
0.3385883 
0.3600558 
0.3874224 
0.8770508 
0.346774 
0.2075573 
0.5417248 
0.3248859 
0.319146 
0.3745692 
0.3484453 
0.3654351 
0.2868211 
0.4138291 
0.372712 
0.2934095 
0.3003858 
0.3481154 
0.3958625 
0.5162736 
0.6150163 
0.3630804 
0.2563059 
0.2707327 
0.185689 
0.3667241 
0.2626773 
0.3539062 
0.1809918 
0.3444311 
0.3381432 
