0.9431345 
0.5492814 
0.6626831 
1.15571 
0.7026603 
0.7191135 
0.2542104 
0.9793993 
0.4945091 
0.4335324 
0.6044387 
0.8175471 
0.3013292 
1.048732 
0.613038 
0.6711083 
0.6441093 
0.7966313 
0.7218661 
0.4344458 
0.5644028 
0.2927424 
0.8113616 
0.8268189 
0.8065169 
0.2824977 
1.071309 
0.5155733 
0.5700215 
0.3751933 
1.888674 
0.9547309 
1.161206 
0.2758745 
0.2010279 
1.138901 
0.2742522 
0.4801101 
0.3667369 
0.7878769 
0.7107905 
0.1620932 
0.8058627 
0.5206633 
0.3501559 
0.8235941 
0.5901479 
1.266364 
0.4370614 
0.398895 
0.8157249 
0.3017423 
0.5982536 
0.392451 
0.7801919 
1.203378 
0.994373 
0.8359639 
0.3145384 
0.417768 
0.5028712 
0.2723571 
0.5652685 
0.1571147 
0.3797074 
0.3845146 
1.446812 
0.5734869 
1.378734 
0.6675435 
1.223544 
1.449017 
1.372101 
0.7505631 
0.3289798 
0.4407929 
0.1733651 
0.3403174 
0.6619146 
0.6503523 
0.5779853 
0.1968615 
0.1242662 
0.6574072 
0.8573021 
0.9847866 
0.8694371 
0.4016069 
0.7468566 
0.966169 
0.6699552 
0.7205566 
0.4180257 
0.1008872 
0.1310418 
0.7129459 
0.4823871 
0.7912298 
0.9110737 
0.5517734 
