0.4197804 
0.4116528 
0.4147473 
0.4118449 
0.3995744 
0.4062685 
0.4419236 
0.4076693 
0.4198356 
0.4249041 
0.411195
0.3929726  
0.4375477 
0.4268344 
0.4064386 
0.4116779 
0.4144457 
0.398766 
0.4153719 
0.4252627 
0.4320257 
0.4039926 
0.4161585 
0.3989182 
0.4136246 
0.4231196 
0.4213539 
0.4077162 
0.4254741 
0.4236636 
0.4213821 
0.4394457 
0.4337855 
0.4147948 
0.41268 
0.4250166 
0.420594 
0.410963 
0.4043921 
0.4043447 
0.4141928 
0.4192064 
0.4105976 
0.4149049 
0.4148594 
0.4164096 
0.4246183 
0.4059965 
0.417142 
0.4114759 
0.4334037 
0.4230497 
0.4109088 
0.4064747 
0.4193782 
0.425181 
0.4182725 
0.430005 
0.4027524 
0.4171621 
0.4103231 
0.4141093 
0.4180869 
0.4146122 
0.4306777 
0.435029 
0.4195414 
0.4257847 
0.5606294 
0.3979656 
0.4110467 
0.4045009 
0.4241726 
0.4230651 
0.4317102 
0.4121133 
0.4183264 
0.4077589 
0.4144468 
0.4313929 
0.4184357
0.4080276  
0.4151925 
0.4043625 
0.4364784 
0.4167351 
0.4115796 
0.4201999 
0.4199091 
0.4167168 
0.4217178 
0.4135897 
0.4164079 
0.4113262 
0.4017336 
0.4489198 
2.630649 
0.4224618 
0.4022439 
0.41522 
