0.1962026 
0.2861716 
0.2642257 
0.2493427 
0.267498 
0.2597675 
0.2532494 
0.2233928 
0.1596187 
0.1881066 
0.2298819
0.2515205  
0.1864187 
0.1467671 
0.2872817 
0.2097248 
0.2130809 
0.3053783 
0.2557816 
0.2183986 
0.1330964 
0.2850318 
0.2190583 
0.2899681 
0.2376201 
0.1990607 
0.212443 
0.2662231 
0.2321012 
0.1814023 
0.2483907 
0.2420602 
0.1627606 
0.2395014 
0.2055399 
0.2031105 
0.2512265 
0.2309401 
0.2865278 
0.2656182 
0.1887428 
0.2129563 
0.2436342 
0.2318413 
0.2831614 
0.2608875 
0.2568919 
0.2371412 
0.2006153 
0.2122241 
0.2185295 
0.1911284 
0.2722624 
0.2260408 
0.1978747 
0.2316259 
0.2451798 
0.1861421 
0.2855539 
0.2244773 
0.2505515 
0.2692615 
0.2882558 
0.2762861 
0.2135249 
0.2398422 
0.2641381 
0.2346378 
0.2163084 
0.2455403 
0.2053651 
0.2367782 
0.1675092 
0.2041229 
0.1704087 
0.2513129 
0.2222521 
0.2159376 
0.2156285 
0.1736612 
0.2394704
0.2515481  
0.2458973 
0.2809247 
0.1734286 
0.2198583 
0.1926882 
0.2696319 
0.2104022 
0.2275444 
0.2298247 
0.2699288 
0.2526711 
0.2294279 
0.2859416 
0.1728978 
0.2170099 
0.2100229 
0.2807328 
0.1990197 
