0.1610922 
0.1275109 
0.2159499 
0.1430534 
0.172493 
0.1572579 
0.168366 
0.08806994 
0.148807 
0.1950269 
0.08066324 
0.1532064 
0.136034 
0.2022309 
0.1354892 
0.1663791 
0.1230381 
0.136329 
0.1895466 
0.2326163 
0.1242271 
0.2244294 
0.0854681 
0.1783304 
0.05668886 
0.2268818 
0.1820385 
0.0825482 
0.1536671 
0.1002948 
0.1861127 
0.2029738 
0.1067022 
0.1874904 
0.2183576 
0.06394381 
0.1680609 
0.1077392 
0.05925857 
0.2145384 
0.08287486 
0.1568417 
0.1866935 
0.1215624 
0.2019665 
0.2085866 
0.1553878 
0.1687339 
0.199867 
0.1470056 
0.2266184 
0.2244554 
0.2439692 
0.1251516 
0.1576514 
0.1145066 
0.1916381 
0.2973265 
0.08017159 
0.1095606 
0.1242815 
0.1240093 
0.1608399 
0.1326417 
0.162645 
0.1719086 
0.2604452 
0.07965365 
0.1877587 
0.2576324 
0.2039468 
0.2059288 
0.1045171 
0.06763665 
0.1611755 
0.1547436 
0.1167007 
0.1727187 
0.2037398 
0.2794849 
0.1603757 
0.2724673 
0.1683729 
0.1882691 
0.1874335 
0.2013599 
0.2794608 
0.2382093 
0.1991888 
0.2544758 
0.2246775 
0.1495044 
0.2091821 
0.2059284 
0.1215563 
0.262484 
0.1831077 
0.06982123 
