0.3284368 
0.358084 
0.3388875 
0.3243175 
0.3349104 
0.3209521 
0.3599501 
0.3453647 
0.3492002 
0.3424374 
0.3122386 
0.3463489 
0.333448 
0.3027786 
0.3413963 
0.3242152 
0.3263837 
0.2952475 
0.3313013 
0.3344173 
0.3354722 
0.3585273 
0.3291408 
0.3539715 
0.336409 
0.3283947 
0.3466141 
0.3157853 
0.312335 
0.3377036 
0.3515613 
0.35108 
0.3137364 
0.3412016 
0.3197825 
0.3393142 
0.3365247 
0.3300005 
0.329408 
0.3364524 
0.3373513 
0.3093607 
0.3071936 
0.3673392 
0.3413076 
0.3601475 
0.3328647 
0.3182778 
0.350266 
0.3380791 
0.3614354 
0.3464847 
0.3481506 
0.4180207 
0.313181 
0.3465475 
0.3247318 
0.3686956 
0.31957 
0.3528472 
0.308079 
0.3483725 
0.3270699 
0.3605282 
0.3119402 
0.3011463 
0.3101334 
0.3288733 
0.3517522 
0.3478238 
0.3300562 
0.3679459 
0.3354517 
0.3531351 
0.2852676 
0.3603346 
0.3303946 
0.3037562 
0.3375226 
0.31597 
0.4977416 
0.3454493 
0.3785896 
0.3562558 
0.31824 
0.3770656 
0.3031127 
0.3103196 
0.3307908 
0.2792008 
0.3154116 
0.3506837 
0.366461 
0.3312677 
0.3541294  
0.310248 
0.3186957 
