0.2594359 
0.3083166 
0.1226228 
0.2397448 
0.3673838 
0.2539363 
0.3006439 
0.3085697 
0.2464106 
0.1921129 
0.3349918 
0.2572213 
0.2286994 
0.1475618 
0.2419224 
0.1054655 
0.2597128 
0.1859419 
0.311662 
0.2524751 
0.2744646 
0.1680369 
0.3094367 
0.269474 
0.2017599 
0.08303561 
0.2127133 
0.252046 
0.2013191 
0.2176063 
0.294927 
0.27379 
0.1960254 
0.1808459 
0.2600326 
0.2753709 
0.1945278 
0.1976857 
0.2165127 
0.1883886 
0.2418924 
0.09206229 
0.1548782 
0.2099106 
0.04675909 
0.2269276 
0.2300872 
0.2063994 
0.2295137 
0.277624 
0.3099358 
0.1211414 
0.2100929 
0.1351694 
0.2299004 
0.3440227 
0.2099531 
0.32025 
0.2033834 
0.1313308 
0.1746691 
0.1761033 
0.2742706 
0.1804671 
0.2690132 
0.1281208 
0.2313692 
0.1804233 
0.2380311 
0.2911258 
0.1345245 
0.1635824 
0.2245507 
0.2320731 
0.2639911 
0.2259816 
0.2217398 
0.3280613 
0.1002292 
0.2729962 
0.1900147 
0.2116991 
0.2885981 
0.2052504 
0.2252762 
0.1502296 
0.1861636 
0.2639811 
0.2522657 
0.06528868 
0.1031628 
0.2155836 
0.243201 
0.1466862 
0.2080066 
0.2508263 
