0.3061671 
0.472046 
0.3216577 
0.1850665 
0.3666819 
0.179544 
0.2001435 
0.4109091 
0.2322302 
0.1850601 
0.2421903 
0.1505331 
0.2015558 
0.2613526 
0.2584756 
0.1091149 
0.2686322 
0.3236053 
0.1471916 
0.1454539 
0.1618834 
0.1487524 
0.2299755 
0.2992332 
0.2118192 
0.2989677 
0.1236054 
0.0922069 
0.340571 
0.1277782 
0.2414636 
0.2967274 
0.2923355 
0.2734742 
0.3199798 
0.2652648 
0.2296547 
0.1801147 
0.1778742 
0.2770617 
0.3050604 
0.2152069 
0.2450652 
0.1063228 
0.2684109 
0.2386654 
0.3592276 
0.2488853 
0.1781434 
0.3804812 
0.1084576 
0.4282006 
0.3191034 
0.251365 
0.1751459 
0.1101279 
0.1950635 
0.1636927 
0.1498385 
0.2302379 
0.2993361 
0.1225723 
0.1875635 
0.294886 
0.2149756 
0.2121522 
0.151501 
0.1338817 
0.2883874 
0.199331 
0.2229456 
0.1823516 
0.261162 
0.2532734 
0.2040108 
0.1120095 
0.1226178 
0.4092611 
0.1413103 
0.2486724 
0.3804887 
0.2542709 
0.1398082 
0.1807487 
0.2665327 
0.1233406 
0.2692849 
0.1958589 
0.1367334 
0.1533608 
0.09167613 
0.3861555 
0.1129722 
0.1322275 
0.2019059 
0.210403 
