0.364015 
0.2695073 
0.3244529 
0.3041055 
0.2107372 
0.1961049 
0.2836763 
0.3283563 
0.2425365 
0.2582879 
0.3617959 
0.278067 
0.102136 
0.3556377 
0.2860705 
0.238231 
0.2312267 
0.2286389 
0.1618562 
0.2412062 
0.1844335 
0.3492187 
0.4077227 
0.2579576 
0.2961025 
0.1805988 
0.1239427 
0.2096778 
0.22048 
0.1406292 
0.2083539 
0.2358262 
0.2798468 
0.2375576 
0.1985056 
0.1450123 
0.3809803 
0.1855575 
0.1086745 
0.2505542 
0.2475615 
0.2277178 
0.239051 
0.3111394 
0.353456 
0.1431441 
0.1472986 
0.2480821 
0.2885682 
0.2103019 
0.1833767 
0.2842165 
0.1234149 
0.09559141 
0.1686446 
0.2804861 
0.3478388 
0.2232844 
0.2572584 
0.3097819 
0.187902 
0.2510128 
0.189286 
0.2102272 
0.2421116 
0.1552463 
0.2644897 
0.2120558 
0.1811097 
0.3399654 
0.1004459 
0.2873299 
0.2033412 
0.2028364 
0.08305286 
0.1759002 
0.295368 
0.2157362 
0.2775858 
0.3185385 
0.3319419 
0.1725449 
0.2675886 
0.2444998 
0.1769851 
0.1357316 
0.3118311 
0.2588279 
0.3375857 
0.1751518 
0.3138499 
0.2727052 
0.1323782 
0.1646457 
0.244081 
0.2710817 
0.201719 
0.2142891 
