0.1627253 
0.1219297 
0.1832558 
0.3735432 
0.3480955 
0.1041775 
0.164425 
0.3322117 
0.353895 
0.200104 
0.2587031 
0.2648741 
0.431004 
0.3078904 
0.2812841 
0.2375719 
0.1314326 
0.2425245 
0.2761787 
0.2762347 
0.1565175 
0.5652759 
0.2455446 
0.4592796 
0.3003805 
0.1386953 
0.2774623 
0.3886363 
0.3320706 
0.2046007 
0.112718 
0.1902535 
0.2181527 
0.4175195 
0.447673 
0.4688693 
0.2533554 
0.2063124 
0.1506009 
0.5173829 
0.1980911 
0.4258027 
0.1767204 
0.4627818 
0.2322914 
0.2584377 
0.2570359 
0.3452771 
0.3083277 
0.7894714 
0.3134077 
0.3142877 
0.3012544 
0.2142631 
0.3590988 
0.445079 
0.2150324 
0.1495651 
0.2269204 
0.1877115 
0.2465005 
0.3321132 
0.111976 
0.2050936 
0.2951673 
0.2659062 
0.189597 
0.1845765 
0.2415488 
0.09590541 
0.1852388
0.1273158  
0.33513 
0.2956668 
0.2549122 
0.3095318 
0.3579956 
0.289579 
0.7447205 
0.1734526 
0.1527484 
0.1485012 
0.5712281 
0.4260899 
0.3669711 
0.2683288 
0.4228375 
0.0876182 
0.3313938 
0.1181778 
0.2810535 
0.2961568 
0.3168095 
0.1517906 
0.2528643 
0.4687203 
0.3444667 
0.1918224 
