0.3039489 
0.3424365 
0.346428 
0.3942804 
0.5538244 
0.3406895 
0.3775936 
0.4640806 
0.340267 
0.3814903 
0.3424967 
0.3739182 
0.187638 
0.282994 
0.3226312 
1.076899 
0.5308962 
0.3923042 
0.5806896 
0.3326464 
0.2931744 
0.4025596 
0.384765 
0.4110866 
0.4201396 
0.2705242 
0.3078744 
0.5523842 
0.5819495 
0.4082168 
0.3296585
0.4163689  
0.322314 
0.3002082 
0.3159151 
0.5509345 
0.3676689 
0.2966051 
0.239056 
0.300905 
0.3588047 
0.3829975 
0.3228837 
0.4086819 
0.4177152 
0.3567319 
0.3289998 
0.4068569 
0.3183939 
0.4129912 
0.4248576 
0.3512416 
0.3141129 
0.3460054 
0.3774678 
0.4659445 
0.3410463 
0.2902016 
0.3653053 
0.3917925 
0.3223257 
0.4094946 
0.3901409 
0.3414532 
0.3730891 
0.5799815 
0.3819879 
0.3841096 
0.3941387 
0.3075582 
0.4705418 
0.5793416 
0.3502859 
0.3156949 
0.3950752 
0.3076706 
0.3459328 
0.3480255 
0.3235345 
0.5348445 
0.3126486 
0.9358294 
0.3940759 
0.8003667 
0.6136907 
8.352471 
0.3856631 
0.8272315 
0.289876 
0.2953738 
0.4051095 
0.3253077 
0.2752402 
0.3266522 
0.3804091 
0.3748149 
0.6347469 
0.3863713 
0.321522 
0.3740724 
