0.09505299 
0.7187531 
0.4708905 
0.8352184 
0.3348094 
0.3974272 
0.3299151 
0.3371236 
0.4774947 
0.4169131 
0.3505685 
0.1280583 
0.2901984 
0.2522097 
1.037843 
0.4994451 
0.4697558 
0.2751834 
0.6299194 
0.4204086 
0.4152722 
0.2533112 
0.3211313 
0.2756786 
0.6154887 
0.1594065 
0.2631421 
0.4674821 
0.4588682 
0.262877 
0.8001573
0.8364228  
0.5395281 
0.9394239 
0.3455277 
0.3144255 
0.3645723 
0.192919 
0.3504398 
0.2008287 
0.3390159 
0.9853692 
0.2843408 
0.8098464 
0.6500789 
0.871425 
0.4273088 
0.1540024 
0.4145033 
0.4236969 
0.3531383 
0.303073 
0.812821 
0.1675923 
0.4159954 
0.4924788 
0.3637977 
0.6585057 
0.8413419 
0.7200899 
0.2303095 
0.9174892 
0.2625483 
0.2212243 
0.6878224 
0.1696021 
0.278329 
0.5698348 
0.378991 
0.2151745 
0.6049779 
0.4553711 
0.140884 
0.2754035 
0.6300004 
0.2561021 
0.7144918 
0.4415907 
0.3375921 
0.4374478 
0.5175294 
0.2304074 
0.7230035 
0.1227402 
0.4924776 
0.109468 
0.2197564 
0.9244106 
0.1951468 
0.2318766 
0.3464235 
0.2982007 
0.1995469 
0.4417565 
0.4575579 
0.1962396 
0.3249758 
0.3951631 
0.4158149 
1.185339 
