0.3620372 
0.3655272 
0.3295968 
0.357736 
0.3024027 
0.333284 
0.3427845 
0.5770858 
0.3771551 
0.3511622 
0.6264764 
0.3282961 
0.3331187 
0.3694951 
39.53077
0.368825  
0.349891
0.3379087  
0.3910696
0.3908766  
0.3379477 
0.376553
0.3295373  
0.4402495 
0.3904439 
0.3720788 
0.3383298 
0.404223 
0.354356 
0.3405568 
0.3304404 
3.095802 
0.3810109 
0.4840969 
0.3350834 
0.3636842 
0.3271222 
0.4605266 
0.4989764 
0.3824761 
0.4521064 
0.3802312 
0.385904 
0.4017242 
0.3993366 
0.4160552 
0.2671386 
0.4072066 
0.4555071 
0.3279242 
0.3608243 
0.3526653 
0.2966091 
0.3965262 
0.322322 
0.441728 
0.3020982 
0.2274332 
0.3614217 
0.3270033 
0.3895487 
0.317622 
0.3212659 
0.396109 
0.4452165 
0.2653018 
0.8865231 
0.3600385 
0.4061074 
0.2547246 
0.375389 
0.3581857 
0.3530499 
0.4144079 
0.3902723 
0.2763795 
0.4472443 
0.2562967 
0.3682113 
0.420379 
0.4718138 
0.3795773 
0.3313718 
0.3611931
0.3846747  
0.3790654 
0.3542306 
0.7595287 
0.4333108 
0.4251096 
0.342724 
0.3425817 
0.3741252 
0.3434159 
0.5759552 
0.4002844 
0.3696936 
0.3603887 
0.4331928 
0.3435202 
