0.1149888 
0.1451977 
0.190261 
0.2209042 
0.1150772 
0.2158772 
0.1134964 
0.2557905 
0.2326297 
0.1589191 
0.1298451 
0.2419523 
0.1250613 
0.2845825 
0.2133869 
0.2387155 
0.1124302
0.08579866  
0.2805672
0.1900235  
0.162227 
0.1955487 
0.2582395 
0.2619393 
0.3305159 
0.2839542 
0.1372044 
0.1328609 
0.1784102 
0.190711 
0.281843 
0.1913739 
0.267564 
0.283777 
0.1631363 
0.2601665 
0.2750221 
0.3162896 
0.1712335 
0.106158 
0.1970603 
0.05774045 
0.2005099 
0.1582031 
0.2289515 
0.2213332 
0.2355723 
0.279512 
0.292798 
0.3314474 
0.2740268 
0.2116902 
0.2316035 
0.2346299 
0.1450743 
0.2757728 
0.2504271 
0.2951515 
0.3113126 
0.09581807 
0.1464214 
0.2000412 
0.1522649 
0.1500731 
0.2809719 
0.05503505 
0.2260042 
0.241639 
0.2481377 
0.1368486 
0.1435058 
0.3029519 
0.1718667 
0.2819474 
0.4094064 
0.1034038 
0.1946477 
0.2008565 
0.2621335 
0.2787001 
0.3023878 
0.1756903 
0.1760749 
0.2089186 
0.2836902 
0.2584468 
0.1557544 
0.1197119 
0.4434321 
0.2125208 
0.1173187 
0.2904325 
0.1904148 
0.1824698 
0.2135884 
0.2127439 
0.1724734 
0.2637538 
0.1975909 
0.3119395 
