0.4009436 
0.367531 
0.3429698 
0.2924445 
0.3489572 
0.3277276 
0.3324573 
0.3289764 
0.3690817 
0.371429 
0.3570519 
0.3766785 
0.438627 
0.3642196 
0.4004016 
0.3454276 
0.3558467 
0.3613555 
0.3279293 
0.397054 
0.2668895 
0.3504256 
0.3376974 
0.3478474 
0.3223018 
0.4131476 
0.3565629 
0.3561009 
0.3774018 
0.338825 
0.4039035 
0.3205096 
0.319236 
0.3443183 
0.3607179 
0.3483455 
0.3173323 
0.3238727
0.3552177  
0.349637 
0.3735717 
0.3443553 
0.3823991 
0.3609172 
0.3812951 
0.3540346 
0.4495031 
0.3799183 
0.3460095 
0.3580499 
0.343599 
0.3302557 
0.3220462 
0.3642712 
0.3559483 
0.3896177 
0.361235 
0.387359 
0.5109141 
0.5440551 
0.3500772 
0.3256254 
0.3943388 
0.1600006 
0.3275322 
0.3153018 
0.3285724 
0.3910239 
0.3235071 
0.3606798 
0.3049304 
0.3870342 
0.367065 
0.1976917 
0.3541523 
0.33663 
0.3088758 
0.3690437 
0.4375444 
0.3833264 
0.3672218 
0.3736817 
0.3484742 
0.3219754 
0.3742087 
0.3635585 
0.3744449 
0.3480685 
0.3506006 
0.357892 
0.4130207 
0.3935026 
0.352519 
0.3630593 
0.3589295 
0.2119506 
0.4412013 
0.3718044 
12.11328 
0.3868873 
