0.07842486 
0.1459247 
0.26379 
0.08367303 
0.1706625 
0.1597979 
0.1645486 
0.09932756 
0.1629227 
0.1184289 
0.1396791 
0.1253535 
0.2443713 
0.2441613 
0.2340112 
0.193292 
0.1432247 
0.2533463 
0.2273289 
0.2223623 
0.1398735 
0.1849326 
0.1249402 
0.200547 
0.1417841 
0.2540821 
0.2890311 
0.1180495 
0.3420557 
0.2314793 
0.3229823 
0.1276181 
0.2185614 
0.1732337 
0.1682774 
0.1353433 
0.1312905 
0.1209414
0.1608928  
0.08745205 
0.3026161 
0.1236021 
0.1876905 
0.184712 
0.1112424 
0.1602338 
0.2769706 
0.1100705 
0.2375895 
0.173556 
0.2589262 
0.217678 
0.12939 
0.06237166 
0.160464 
0.2194224 
0.171525 
0.2664415 
0.2480348 
0.138142 
0.1521848 
0.2435809 
0.3330538 
0.2125348 
0.1725381 
0.2308995 
0.2130233 
0.295563 
0.2359815 
0.2036704 
0.2170818 
0.1512806 
0.1971407 
0.1789108 
0.186012 
0.218254 
0.1119646 
0.2551133 
0.1110093 
0.2296056 
0.2254381 
0.2219195 
0.183809 
0.1231143 
0.180982 
0.1676916 
0.1757245 
0.1951287 
0.1722362 
0.08482473 
0.2566947 
0.1726016 
0.2950122 
0.1505432 
0.1717801 
0.2070715 
0.186676 
0.1299998 
0.2353201 
0.2004438 
